540
666
802
233
888
926
195
124
222
785
962
201
519
115
303
856
337
638
372
202
541
563
394
144
815
661
132
828
499
364
220
666
810
256
208
524
430
370
414
622
696
800
61
517
744
758
872
707
543
358
471
993
25
943
867
781
65
218
22
172
852
345
442
222
968
177
308
327
432
449
406
442
110
151
916
481
766
820
789
790
822
701
184
196
531
587
481
959
294
144
718
701
361
584
497
125
744
375
427
160
961
206
182
361
831
194
853
171
646
752
267
19
499
710
355
86
790
754
300
238
369
973
267
638
394
196
329
556
42
726
880
394
868
648
458
516
195
686
528
121
336
394
910
362
152
838
490
171
951
75