463
923
627
364
352
484
438
66
999
220
346
70
270
449
441
614
9
145
242
671
107
99
813
166
903
350
607
841
36
550
490
981
419
208
838
872
980
899
608
264
551
469
502
157
425
536
6
786
738
88
536
264
248
544
665
821
954
521
244
905
394
449
364
826
58
448
818
443
101
87
201
745
694
353
888
354
64
829
239
964
166
81
447
108
904
902
250
735
18
615
416
464
588
940
70
204
523
634
164
809
989
283
485
714
475
613
402
620
526
830
584
82
666
798
561
170
307
142
249
508
294
705
896
119
541
563
313
286
637
918
191
349
249
336
812
458
569
622
386
751
567
812
141
540
206
421
2
274
760
684
141
323
9
989
762
947
306
860
554
206
94
630
316
914
572
165
614
855
286
724
1
587
516
489
852
827
163
777
197
450
926
718
686
960
83
25
376
68
30
206
599
14
273
987
367
552
394
412
112
564